9223372036854775807 1
4611686018427387904 1
2305843009213693952 1
1152921504606846976 1
576460752303423488 1
288230376151711744 1
144115188075855872 1
72057594037927936 1
36028797018963968 1
18014398509481984 1
9007199254740992 1
4503599627370496 1
2251799813685248 1
1125899906842624 1
562949953421312 1
281474976710656 1
140737488355328 1
70368744177664 1
35184372088832 1
17592186044416 1
8796093022208 1
4398046511104 1
2199023255552 1
1099511627776 1
549755813888 1
274877906944 1
137438953472 1
68719476736 1
34359738368 1
17179869184 1
8589934592 1
4294967296 1
4294967296 2
2147483648 1
2147483648 2
1073741824 1
1073741824 2
536870912 1
536870912 2
268435456 1
268435456 2
134217728 1
134217728 2
67108864 1
67108864 2
33554432 1
33554432 2
16777216 1
16777216 2
8388608 1
8388608 2
4194304 1
4194304 2
2097152 1
2097152 2
2097152 3
1048576 1
1048576 2
1048576 3
524288 1
524288 2
524288 3
262144 1
262144 2
262144 3
131072 1
131072 2
131072 3
65536 1
65536 2
65536 3
65536 4
32768 1
32768 2
32768 3
32768 4
16384 1
16384 2
16384 3
16384 4
8192 1
8192 2
8192 3
8192 4
8192 5
4096 1
4096 2
4096 3
4096 4
4096 5
4096 6
2048 1
2048 2
2048 3
2048 4
2048 5
2048 6
1024 1
1024 2
1024 3
1024 4
1024 5
1024 6
1024 7
512 1
512 2
512 3
512 4
512 5
512 6
512 7
512 8
512 9
256 1
256 2
256 3
256 4
256 5
256 6
256 7
256 8
256 9
256 10
256 11
128 1
128 2
128 3
128 4
128 5
128 6
128 7
128 8
128 9
128 10
128 11
128 12
128 13
128 14
64 1
64 2
64 3
64 4
64 5
64 6
64 7
64 8
64 9
64 10
64 11
64 12
64 13
64 14
64 15
64 16
64 17
64 18
64 19
64 20
64 21
64 22
64 23
64 24
64 25
64 26
64 27
64 28
64 29
64 30
64 31
64 32
64 33
64 34
64 35
64 36
64 37
64 38
64 39
64 40
64 41
64 42
64 43
64 44
64 45
64 46
64 47
64 48
64 49
64 50
64 51
64 52
64 53
64 54
64 55
64 56
64 57
64 58
64 59
64 60
64 61
64 62
64 63
32 1
32 2
32 3
32 4
32 5
32 6
32 7
32 8
32 9
32 10
32 11
32 12
32 13
32 14
32 15
32 16
32 17
32 18
32 19
32 20
32 21
32 22
32 23
32 24
32 25
32 26
32 27
32 28
32 29
32 30
32 31
16 1
16 2
16 3
16 4
16 5
16 6
16 7
16 8
16 9
16 10
16 11
16 12
16 13
16 14
16 15
8 1
8 2
8 3
8 4
8 5
8 6
8 7
4 1
4 2
4 3
2 1
